G3dErrFileVersion 2018P3.1
FlagFileMetaData Begin
   Mesh Size - Setup1, Refinement, Pass #1, Freq. 1.000000e+09 :Title    
   Listing of mesh elements with small segments. :ToolTip  
   hf3d :Author   
   1742033724 :TimeStamp
FlagFileMetaData End
BEGIN_ERR 
26 Small mesh segment detected on body : dielectric
 Small mesh segment detected on body : dielectric 
 Segment Statistics - Number of Segments : 1 --- Segment length(s) : 699.715344nm. The cutoff frequency for S-Matrix Only Solve is 123.118052566735GHz 
4 -1  16  20  72  # nfids, fids[]
2 18  -1  # nbids, bids[]
      6 6 1 0 #ntets ntri ned npts
           0.0000000000000000e+00  -1.1406249999999999e+02  -1.7062500000000000e+02 #xyz tv0
           0.0000000000000000e+00  -2.1999999999999989e+02  -2.5999999999999994e+02 #xyz tv1
           6.0874999999999966e+02  -5.6499999999999966e+02  -2.5999999999999994e+02 #xyz tv2
           0.0000000000000000e+00  -7.4140624999999943e+01  -2.0312499999999994e+02 -1 18 #xyz tv3 fid bid
           0.0000000000000000e+00  -1.1406249999999999e+02  -1.7062500000000000e+02 #xyz tv0
           6.0874999999999966e+02  -5.6499999999999966e+02  -2.5999999999999994e+02 #xyz tv1
           0.0000000000000000e+00  -2.1999999999999989e+02  -2.5999999999999994e+02 #xyz tv2
           0.0000000000000000e+00  -2.7328124999999989e+02  -1.4624999999999997e+02 -1 18 #xyz tv3 fid bid
           0.0000000000000000e+00  -2.1999999999999989e+02  -2.5999999999999994e+02 #xyz tv0
           6.0874999999999966e+02  -5.6499999999999966e+02  -2.5999999999999994e+02 #xyz tv1
           0.0000000000000000e+00  -7.4140624999999943e+01  -2.0312499999999994e+02 #xyz tv2
           0.0000000000000000e+00   1.2500000000000000e+02  -2.5999999999999994e+02 -1 18 #xyz tv3 fid bid
           0.0000000000000000e+00  -2.7328124999999989e+02  -1.4624999999999997e+02 #xyz tv0
           6.0874999999999966e+02  -5.6499999999999966e+02  -2.5999999999999994e+02 #xyz tv1
           0.0000000000000000e+00  -2.1999999999999989e+02  -2.5999999999999994e+02 #xyz tv2
           0.0000000000000000e+00  -5.6499999999999966e+02  -2.5999999999999994e+02 -1 18 #xyz tv3 fid bid
           0.0000000000000000e+00  -2.1999999999999989e+02  -2.5999999999999994e+02 #xyz tv0
          -1.2175000000000000e+02  -6.3400000000000011e+02  -4.1599999999999994e+02 #xyz tv1
           6.0874999999999966e+02  -5.6499999999999966e+02  -2.5999999999999994e+02 #xyz tv2
           0.0000000000000000e+00   1.2500000000000000e+02  -2.5999999999999994e+02 -1 18 #xyz tv3 fid bid
           0.0000000000000000e+00  -2.1999999999999989e+02  -2.5999999999999994e+02 #xyz tv0
           6.0874999999999966e+02  -5.6499999999999966e+02  -2.5999999999999994e+02 #xyz tv1
          -1.2175000000000000e+02  -6.3400000000000011e+02  -4.1599999999999994e+02 #xyz tv2
           0.0000000000000000e+00  -5.6499999999999966e+02  -2.5999999999999994e+02 -1 18 #xyz tv3 fid bid
           0.0000000000000000e+00  -2.1999999999999989e+02  -2.5999999999999994e+02 #xyz tv0
           6.0874999999999966e+02  -5.6499999999999966e+02  -2.5999999999999994e+02 #xyz tv1
           0.0000000000000000e+00  -5.6499999999999966e+02  -2.5999999999999994e+02 16 -1 #xyz tv2 fid bid
           0.0000000000000000e+00  -2.1999999999999989e+02  -2.5999999999999994e+02 #xyz tv0
           6.0874999999999966e+02  -5.6499999999999966e+02  -2.5999999999999994e+02 #xyz tv1
           0.0000000000000000e+00  -5.6499999999999966e+02  -2.5999999999999994e+02 20 -1 #xyz tv2 fid bid
           0.0000000000000000e+00  -2.1999999999999989e+02  -2.5999999999999994e+02 #xyz tv0
           6.0874999999999966e+02  -5.6499999999999966e+02  -2.5999999999999994e+02 #xyz tv1
           0.0000000000000000e+00  -5.6499999999999966e+02  -2.5999999999999994e+02 72 -1 #xyz tv2 fid bid
           0.0000000000000000e+00  -2.1999999999999989e+02  -2.5999999999999994e+02 #xyz tv0
           0.0000000000000000e+00   1.2500000000000000e+02  -2.5999999999999994e+02 #xyz tv1
           6.0874999999999966e+02  -5.6499999999999966e+02  -2.5999999999999994e+02 16 -1 #xyz tv2 fid bid
           0.0000000000000000e+00  -2.1999999999999989e+02  -2.5999999999999994e+02 #xyz tv0
           0.0000000000000000e+00   1.2500000000000000e+02  -2.5999999999999994e+02 #xyz tv1
           6.0874999999999966e+02  -5.6499999999999966e+02  -2.5999999999999994e+02 20 -1 #xyz tv2 fid bid
           0.0000000000000000e+00  -2.1999999999999989e+02  -2.5999999999999994e+02 #xyz tv0
           0.0000000000000000e+00   1.2500000000000000e+02  -2.5999999999999994e+02 #xyz tv1
           6.0874999999999966e+02  -5.6499999999999966e+02  -2.5999999999999994e+02 72 -1 #xyz tv2 fid bid
           0.0000000000000000e+00  -2.1999999999999989e+02  -2.5999999999999994e+02 #xyz ev0
           6.0874999999999966e+02  -5.6499999999999966e+02  -2.5999999999999994e+02 -1 18 #xyz ev1 fid bid
   0   0.000000000000e+00   0.000000000000e+00   0.000000000000e+00 #flag location
END_ERR 
G3dErrFileVersion 2018P3.1
FlagFileMetaData Begin
   Mesh Size - Setup1, Refinement, Pass #1, Freq. 5.500000e+09 :Title    
   Listing of mesh elements with small segments. :ToolTip  
   hf3d :Author   
   1742033726 :TimeStamp
FlagFileMetaData End
BEGIN_ERR 
26 Small mesh segment detected on body : dielectric
 Small mesh segment detected on body : dielectric 
 Segment Statistics - Number of Segments : 1 --- Segment length(s) : 699.715344nm. The cutoff frequency for S-Matrix Only Solve is 123.118052566735GHz 
4 -1  16  20  72  # nfids, fids[]
2 18  -1  # nbids, bids[]
      6 6 1 0 #ntets ntri ned npts
           0.0000000000000000e+00  -1.1406249999999999e+02  -1.7062500000000000e+02 #xyz tv0
           0.0000000000000000e+00  -2.1999999999999989e+02  -2.5999999999999994e+02 #xyz tv1
           6.0874999999999966e+02  -5.6499999999999966e+02  -2.5999999999999994e+02 #xyz tv2
           0.0000000000000000e+00  -7.4140624999999943e+01  -2.0312499999999994e+02 -1 18 #xyz tv3 fid bid
           0.0000000000000000e+00  -1.1406249999999999e+02  -1.7062500000000000e+02 #xyz tv0
           6.0874999999999966e+02  -5.6499999999999966e+02  -2.5999999999999994e+02 #xyz tv1
           0.0000000000000000e+00  -2.1999999999999989e+02  -2.5999999999999994e+02 #xyz tv2
           0.0000000000000000e+00  -2.7328124999999989e+02  -1.4624999999999997e+02 -1 18 #xyz tv3 fid bid
           0.0000000000000000e+00  -2.1999999999999989e+02  -2.5999999999999994e+02 #xyz tv0
           6.0874999999999966e+02  -5.6499999999999966e+02  -2.5999999999999994e+02 #xyz tv1
           0.0000000000000000e+00  -7.4140624999999943e+01  -2.0312499999999994e+02 #xyz tv2
           0.0000000000000000e+00   1.2500000000000000e+02  -2.5999999999999994e+02 -1 18 #xyz tv3 fid bid
           0.0000000000000000e+00  -2.7328124999999989e+02  -1.4624999999999997e+02 #xyz tv0
           6.0874999999999966e+02  -5.6499999999999966e+02  -2.5999999999999994e+02 #xyz tv1
           0.0000000000000000e+00  -2.1999999999999989e+02  -2.5999999999999994e+02 #xyz tv2
           0.0000000000000000e+00  -5.6499999999999966e+02  -2.5999999999999994e+02 -1 18 #xyz tv3 fid bid
           0.0000000000000000e+00  -2.1999999999999989e+02  -2.5999999999999994e+02 #xyz tv0
          -1.2175000000000000e+02  -6.3400000000000011e+02  -4.1599999999999994e+02 #xyz tv1
           6.0874999999999966e+02  -5.6499999999999966e+02  -2.5999999999999994e+02 #xyz tv2
           0.0000000000000000e+00   1.2500000000000000e+02  -2.5999999999999994e+02 -1 18 #xyz tv3 fid bid
           0.0000000000000000e+00  -2.1999999999999989e+02  -2.5999999999999994e+02 #xyz tv0
           6.0874999999999966e+02  -5.6499999999999966e+02  -2.5999999999999994e+02 #xyz tv1
          -1.2175000000000000e+02  -6.3400000000000011e+02  -4.1599999999999994e+02 #xyz tv2
           0.0000000000000000e+00  -5.6499999999999966e+02  -2.5999999999999994e+02 -1 18 #xyz tv3 fid bid
           0.0000000000000000e+00  -2.1999999999999989e+02  -2.5999999999999994e+02 #xyz tv0
           6.0874999999999966e+02  -5.6499999999999966e+02  -2.5999999999999994e+02 #xyz tv1
           0.0000000000000000e+00  -5.6499999999999966e+02  -2.5999999999999994e+02 16 -1 #xyz tv2 fid bid
           0.0000000000000000e+00  -2.1999999999999989e+02  -2.5999999999999994e+02 #xyz tv0
           6.0874999999999966e+02  -5.6499999999999966e+02  -2.5999999999999994e+02 #xyz tv1
           0.0000000000000000e+00  -5.6499999999999966e+02  -2.5999999999999994e+02 20 -1 #xyz tv2 fid bid
           0.0000000000000000e+00  -2.1999999999999989e+02  -2.5999999999999994e+02 #xyz tv0
           6.0874999999999966e+02  -5.6499999999999966e+02  -2.5999999999999994e+02 #xyz tv1
           0.0000000000000000e+00  -5.6499999999999966e+02  -2.5999999999999994e+02 72 -1 #xyz tv2 fid bid
           0.0000000000000000e+00  -2.1999999999999989e+02  -2.5999999999999994e+02 #xyz tv0
           0.0000000000000000e+00   1.2500000000000000e+02  -2.5999999999999994e+02 #xyz tv1
           6.0874999999999966e+02  -5.6499999999999966e+02  -2.5999999999999994e+02 16 -1 #xyz tv2 fid bid
           0.0000000000000000e+00  -2.1999999999999989e+02  -2.5999999999999994e+02 #xyz tv0
           0.0000000000000000e+00   1.2500000000000000e+02  -2.5999999999999994e+02 #xyz tv1
           6.0874999999999966e+02  -5.6499999999999966e+02  -2.5999999999999994e+02 20 -1 #xyz tv2 fid bid
           0.0000000000000000e+00  -2.1999999999999989e+02  -2.5999999999999994e+02 #xyz tv0
           0.0000000000000000e+00   1.2500000000000000e+02  -2.5999999999999994e+02 #xyz tv1
           6.0874999999999966e+02  -5.6499999999999966e+02  -2.5999999999999994e+02 72 -1 #xyz tv2 fid bid
           0.0000000000000000e+00  -2.1999999999999989e+02  -2.5999999999999994e+02 #xyz ev0
           6.0874999999999966e+02  -5.6499999999999966e+02  -2.5999999999999994e+02 -1 18 #xyz ev1 fid bid
   0   0.000000000000e+00   0.000000000000e+00   0.000000000000e+00 #flag location
END_ERR 
G3dErrFileVersion 2018P3.1
FlagFileMetaData Begin
   Mesh Size - Setup1, Refinement, Pass #2, Freq. 5.500000e+09 :Title    
   Listing of mesh elements with small segments. :ToolTip  
   hf3d :Author   
   1742033729 :TimeStamp
FlagFileMetaData End
BEGIN_ERR 
26 Small mesh segment detected on body : dielectric
 Small mesh segment detected on body : dielectric 
 Segment Statistics - Number of Segments : 1 --- Segment length(s) : 33.500233nm. The cutoff frequency for S-Matrix Only Solve is 123.118052566735GHz 
1 -1  # nfids, fids[]
1 18  # nbids, bids[]
      7 0 1 0 #ntets ntri ned npts
           2.4349999999999986e+03  -4.6632661396376602e+02   2.2027816090843436e+02 #xyz tv0
           1.7174999999999993e+03  -3.6999999999999983e+02   1.2999999999999997e+02 #xyz tv1
           1.7174999999999995e+03  -3.7812499999999989e+02   1.6250000000000000e+02 #xyz tv2
           1.6849999999999991e+03  -4.3499999999999989e+02   1.2999999999999997e+02 -1 18 #xyz tv3 fid bid
           1.7174999999999995e+03  -3.7812499999999989e+02   1.6250000000000000e+02 #xyz tv0
           1.6849999999999991e+03  -4.3499999999999989e+02   1.2999999999999997e+02 #xyz tv1
           1.7174999999999993e+03  -3.6999999999999983e+02   1.2999999999999997e+02 #xyz tv2
           1.0000000000000000e+03  -3.6999999999999983e+02   1.2999999999999997e+02 -1 18 #xyz tv3 fid bid
           2.4349999999999986e+03  -4.6632661396376602e+02   2.2027816090843436e+02 #xyz tv0
           1.7174999999999995e+03  -3.7812499999999989e+02   1.6250000000000000e+02 #xyz tv1
           1.7174999999999993e+03  -3.6999999999999983e+02   1.2999999999999997e+02 #xyz tv2
           2.4349999999999986e+03  -3.9777138452345940e+02   2.0108376007810529e+02 -1 18 #xyz tv3 fid bid
           1.3213888888888887e+03   1.6280164930555549e+02  -8.8697916666666615e+01 #xyz tv0
           1.7174999999999995e+03  -3.7812499999999989e+02   1.6250000000000000e+02 #xyz tv1
           1.7174999999999993e+03  -3.6999999999999983e+02   1.2999999999999997e+02 #xyz tv2
           1.0000000000000000e+03  -3.6999999999999983e+02   1.2999999999999997e+02 -1 18 #xyz tv3 fid bid
           2.4349999999999986e+03  -3.9777138452345940e+02   2.0108376007810529e+02 #xyz tv0
           2.1208786560251433e+03  -1.8480083274491673e+02   8.3192077094740370e+01 #xyz tv1
           1.7174999999999995e+03  -3.7812499999999989e+02   1.6250000000000000e+02 #xyz tv2
           1.7174999999999993e+03  -3.6999999999999983e+02   1.2999999999999997e+02 -1 18 #xyz tv3 fid bid
           1.3213888888888887e+03   1.6280164930555549e+02  -8.8697916666666615e+01 #xyz tv0
           1.7174999999999993e+03  -3.6999999999999983e+02   1.2999999999999997e+02 #xyz tv1
           1.7174999999999995e+03  -3.7812499999999989e+02   1.6250000000000000e+02 #xyz tv2
           1.9350000000000002e+03   2.5000000000000000e+02   1.2999999999999997e+02 -1 18 #xyz tv3 fid bid
           1.7174999999999995e+03  -3.7812499999999989e+02   1.6250000000000000e+02 #xyz tv0
           2.1208786560251433e+03  -1.8480083274491673e+02   8.3192077094740370e+01 #xyz tv1
           1.9350000000000002e+03   2.5000000000000000e+02   1.2999999999999997e+02 #xyz tv2
           1.7174999999999993e+03  -3.6999999999999983e+02   1.2999999999999997e+02 -1 18 #xyz tv3 fid bid
           1.7174999999999993e+03  -3.6999999999999983e+02   1.2999999999999997e+02 #xyz ev0
           1.7174999999999995e+03  -3.7812499999999989e+02   1.6250000000000000e+02 -1 18 #xyz ev1 fid bid
   0   0.000000000000e+00   0.000000000000e+00   0.000000000000e+00 #flag location
END_ERR 
G3dErrFileVersion 2018P3.1
FlagFileMetaData Begin
   Mesh Size - Setup1, Refinement, Pass #1, Freq. 1.000000e+09 :Title    
   Listing of mesh elements with small segments. :ToolTip  
   hf3d :Author   
   1742035229 :TimeStamp
FlagFileMetaData End
BEGIN_ERR 
26 Small mesh segment detected on body : dielectric
 Small mesh segment detected on body : dielectric 
 Segment Statistics - Number of Segments : 1 --- Segment length(s) : 699.715344nm. The cutoff frequency for S-Matrix Only Solve is 123.118052566735GHz 
4 -1  16  20  72  # nfids, fids[]
2 18  -1  # nbids, bids[]
      6 6 1 0 #ntets ntri ned npts
           0.0000000000000000e+00  -1.1406249999999999e+02  -1.7062500000000000e+02 #xyz tv0
           0.0000000000000000e+00  -2.1999999999999989e+02  -2.5999999999999994e+02 #xyz tv1
           6.0874999999999966e+02  -5.6499999999999966e+02  -2.5999999999999994e+02 #xyz tv2
           0.0000000000000000e+00  -7.4140624999999943e+01  -2.0312499999999994e+02 -1 18 #xyz tv3 fid bid
           0.0000000000000000e+00  -1.1406249999999999e+02  -1.7062500000000000e+02 #xyz tv0
           6.0874999999999966e+02  -5.6499999999999966e+02  -2.5999999999999994e+02 #xyz tv1
           0.0000000000000000e+00  -2.1999999999999989e+02  -2.5999999999999994e+02 #xyz tv2
           0.0000000000000000e+00  -2.7328124999999989e+02  -1.4624999999999997e+02 -1 18 #xyz tv3 fid bid
           0.0000000000000000e+00  -2.1999999999999989e+02  -2.5999999999999994e+02 #xyz tv0
           6.0874999999999966e+02  -5.6499999999999966e+02  -2.5999999999999994e+02 #xyz tv1
           0.0000000000000000e+00  -7.4140624999999943e+01  -2.0312499999999994e+02 #xyz tv2
           0.0000000000000000e+00   1.2500000000000000e+02  -2.5999999999999994e+02 -1 18 #xyz tv3 fid bid
           0.0000000000000000e+00  -2.7328124999999989e+02  -1.4624999999999997e+02 #xyz tv0
           6.0874999999999966e+02  -5.6499999999999966e+02  -2.5999999999999994e+02 #xyz tv1
           0.0000000000000000e+00  -2.1999999999999989e+02  -2.5999999999999994e+02 #xyz tv2
           0.0000000000000000e+00  -5.6499999999999966e+02  -2.5999999999999994e+02 -1 18 #xyz tv3 fid bid
           0.0000000000000000e+00  -2.1999999999999989e+02  -2.5999999999999994e+02 #xyz tv0
          -1.2175000000000000e+02  -6.3400000000000011e+02  -4.1599999999999994e+02 #xyz tv1
           6.0874999999999966e+02  -5.6499999999999966e+02  -2.5999999999999994e+02 #xyz tv2
           0.0000000000000000e+00   1.2500000000000000e+02  -2.5999999999999994e+02 -1 18 #xyz tv3 fid bid
           0.0000000000000000e+00  -2.1999999999999989e+02  -2.5999999999999994e+02 #xyz tv0
           6.0874999999999966e+02  -5.6499999999999966e+02  -2.5999999999999994e+02 #xyz tv1
          -1.2175000000000000e+02  -6.3400000000000011e+02  -4.1599999999999994e+02 #xyz tv2
           0.0000000000000000e+00  -5.6499999999999966e+02  -2.5999999999999994e+02 -1 18 #xyz tv3 fid bid
           0.0000000000000000e+00  -2.1999999999999989e+02  -2.5999999999999994e+02 #xyz tv0
           6.0874999999999966e+02  -5.6499999999999966e+02  -2.5999999999999994e+02 #xyz tv1
           0.0000000000000000e+00  -5.6499999999999966e+02  -2.5999999999999994e+02 16 -1 #xyz tv2 fid bid
           0.0000000000000000e+00  -2.1999999999999989e+02  -2.5999999999999994e+02 #xyz tv0
           6.0874999999999966e+02  -5.6499999999999966e+02  -2.5999999999999994e+02 #xyz tv1
           0.0000000000000000e+00  -5.6499999999999966e+02  -2.5999999999999994e+02 20 -1 #xyz tv2 fid bid
           0.0000000000000000e+00  -2.1999999999999989e+02  -2.5999999999999994e+02 #xyz tv0
           6.0874999999999966e+02  -5.6499999999999966e+02  -2.5999999999999994e+02 #xyz tv1
           0.0000000000000000e+00  -5.6499999999999966e+02  -2.5999999999999994e+02 72 -1 #xyz tv2 fid bid
           0.0000000000000000e+00  -2.1999999999999989e+02  -2.5999999999999994e+02 #xyz tv0
           0.0000000000000000e+00   1.2500000000000000e+02  -2.5999999999999994e+02 #xyz tv1
           6.0874999999999966e+02  -5.6499999999999966e+02  -2.5999999999999994e+02 16 -1 #xyz tv2 fid bid
           0.0000000000000000e+00  -2.1999999999999989e+02  -2.5999999999999994e+02 #xyz tv0
           0.0000000000000000e+00   1.2500000000000000e+02  -2.5999999999999994e+02 #xyz tv1
           6.0874999999999966e+02  -5.6499999999999966e+02  -2.5999999999999994e+02 20 -1 #xyz tv2 fid bid
           0.0000000000000000e+00  -2.1999999999999989e+02  -2.5999999999999994e+02 #xyz tv0
           0.0000000000000000e+00   1.2500000000000000e+02  -2.5999999999999994e+02 #xyz tv1
           6.0874999999999966e+02  -5.6499999999999966e+02  -2.5999999999999994e+02 72 -1 #xyz tv2 fid bid
           0.0000000000000000e+00  -2.1999999999999989e+02  -2.5999999999999994e+02 #xyz ev0
           6.0874999999999966e+02  -5.6499999999999966e+02  -2.5999999999999994e+02 -1 18 #xyz ev1 fid bid
   0   0.000000000000e+00   0.000000000000e+00   0.000000000000e+00 #flag location
END_ERR 
G3dErrFileVersion 2018P3.1
FlagFileMetaData Begin
   Mesh Size - Setup1, Refinement, Pass #1, Freq. 5.500000e+09 :Title    
   Listing of mesh elements with small segments. :ToolTip  
   hf3d :Author   
   1742035231 :TimeStamp
FlagFileMetaData End
BEGIN_ERR 
26 Small mesh segment detected on body : dielectric
 Small mesh segment detected on body : dielectric 
 Segment Statistics - Number of Segments : 1 --- Segment length(s) : 699.715344nm. The cutoff frequency for S-Matrix Only Solve is 123.118052566735GHz 
4 -1  16  20  72  # nfids, fids[]
2 18  -1  # nbids, bids[]
      6 6 1 0 #ntets ntri ned npts
           0.0000000000000000e+00  -1.1406249999999999e+02  -1.7062500000000000e+02 #xyz tv0
           0.0000000000000000e+00  -2.1999999999999989e+02  -2.5999999999999994e+02 #xyz tv1
           6.0874999999999966e+02  -5.6499999999999966e+02  -2.5999999999999994e+02 #xyz tv2
           0.0000000000000000e+00  -7.4140624999999943e+01  -2.0312499999999994e+02 -1 18 #xyz tv3 fid bid
           0.0000000000000000e+00  -1.1406249999999999e+02  -1.7062500000000000e+02 #xyz tv0
           6.0874999999999966e+02  -5.6499999999999966e+02  -2.5999999999999994e+02 #xyz tv1
           0.0000000000000000e+00  -2.1999999999999989e+02  -2.5999999999999994e+02 #xyz tv2
           0.0000000000000000e+00  -2.7328124999999989e+02  -1.4624999999999997e+02 -1 18 #xyz tv3 fid bid
           0.0000000000000000e+00  -2.1999999999999989e+02  -2.5999999999999994e+02 #xyz tv0
           6.0874999999999966e+02  -5.6499999999999966e+02  -2.5999999999999994e+02 #xyz tv1
           0.0000000000000000e+00  -7.4140624999999943e+01  -2.0312499999999994e+02 #xyz tv2
           0.0000000000000000e+00   1.2500000000000000e+02  -2.5999999999999994e+02 -1 18 #xyz tv3 fid bid
           0.0000000000000000e+00  -2.7328124999999989e+02  -1.4624999999999997e+02 #xyz tv0
           6.0874999999999966e+02  -5.6499999999999966e+02  -2.5999999999999994e+02 #xyz tv1
           0.0000000000000000e+00  -2.1999999999999989e+02  -2.5999999999999994e+02 #xyz tv2
           0.0000000000000000e+00  -5.6499999999999966e+02  -2.5999999999999994e+02 -1 18 #xyz tv3 fid bid
           0.0000000000000000e+00  -2.1999999999999989e+02  -2.5999999999999994e+02 #xyz tv0
          -1.2175000000000000e+02  -6.3400000000000011e+02  -4.1599999999999994e+02 #xyz tv1
           6.0874999999999966e+02  -5.6499999999999966e+02  -2.5999999999999994e+02 #xyz tv2
           0.0000000000000000e+00   1.2500000000000000e+02  -2.5999999999999994e+02 -1 18 #xyz tv3 fid bid
           0.0000000000000000e+00  -2.1999999999999989e+02  -2.5999999999999994e+02 #xyz tv0
           6.0874999999999966e+02  -5.6499999999999966e+02  -2.5999999999999994e+02 #xyz tv1
          -1.2175000000000000e+02  -6.3400000000000011e+02  -4.1599999999999994e+02 #xyz tv2
           0.0000000000000000e+00  -5.6499999999999966e+02  -2.5999999999999994e+02 -1 18 #xyz tv3 fid bid
           0.0000000000000000e+00  -2.1999999999999989e+02  -2.5999999999999994e+02 #xyz tv0
           6.0874999999999966e+02  -5.6499999999999966e+02  -2.5999999999999994e+02 #xyz tv1
           0.0000000000000000e+00  -5.6499999999999966e+02  -2.5999999999999994e+02 16 -1 #xyz tv2 fid bid
           0.0000000000000000e+00  -2.1999999999999989e+02  -2.5999999999999994e+02 #xyz tv0
           6.0874999999999966e+02  -5.6499999999999966e+02  -2.5999999999999994e+02 #xyz tv1
           0.0000000000000000e+00  -5.6499999999999966e+02  -2.5999999999999994e+02 20 -1 #xyz tv2 fid bid
           0.0000000000000000e+00  -2.1999999999999989e+02  -2.5999999999999994e+02 #xyz tv0
           6.0874999999999966e+02  -5.6499999999999966e+02  -2.5999999999999994e+02 #xyz tv1
           0.0000000000000000e+00  -5.6499999999999966e+02  -2.5999999999999994e+02 72 -1 #xyz tv2 fid bid
           0.0000000000000000e+00  -2.1999999999999989e+02  -2.5999999999999994e+02 #xyz tv0
           0.0000000000000000e+00   1.2500000000000000e+02  -2.5999999999999994e+02 #xyz tv1
           6.0874999999999966e+02  -5.6499999999999966e+02  -2.5999999999999994e+02 16 -1 #xyz tv2 fid bid
           0.0000000000000000e+00  -2.1999999999999989e+02  -2.5999999999999994e+02 #xyz tv0
           0.0000000000000000e+00   1.2500000000000000e+02  -2.5999999999999994e+02 #xyz tv1
           6.0874999999999966e+02  -5.6499999999999966e+02  -2.5999999999999994e+02 20 -1 #xyz tv2 fid bid
           0.0000000000000000e+00  -2.1999999999999989e+02  -2.5999999999999994e+02 #xyz tv0
           0.0000000000000000e+00   1.2500000000000000e+02  -2.5999999999999994e+02 #xyz tv1
           6.0874999999999966e+02  -5.6499999999999966e+02  -2.5999999999999994e+02 72 -1 #xyz tv2 fid bid
           0.0000000000000000e+00  -2.1999999999999989e+02  -2.5999999999999994e+02 #xyz ev0
           6.0874999999999966e+02  -5.6499999999999966e+02  -2.5999999999999994e+02 -1 18 #xyz ev1 fid bid
   0   0.000000000000e+00   0.000000000000e+00   0.000000000000e+00 #flag location
END_ERR 
G3dErrFileVersion 2018P3.1
FlagFileMetaData Begin
   Mesh Size - Setup1, Refinement, Pass #2, Freq. 5.500000e+09 :Title    
   Listing of mesh elements with small segments. :ToolTip  
   hf3d :Author   
   1742035234 :TimeStamp
FlagFileMetaData End
BEGIN_ERR 
26 Small mesh segment detected on body : dielectric
 Small mesh segment detected on body : dielectric 
 Segment Statistics - Number of Segments : 1 --- Segment length(s) : 33.500233nm. The cutoff frequency for S-Matrix Only Solve is 123.118052566735GHz 
1 -1  # nfids, fids[]
1 18  # nbids, bids[]
      6 0 1 0 #ntets ntri ned npts
           2.4349999999999986e+03  -4.6634503547172068e+02   2.2025781589333795e+02 #xyz tv0
           1.7174999999999993e+03  -3.6999999999999983e+02   1.2999999999999997e+02 #xyz tv1
           1.7174999999999995e+03  -3.7812499999999989e+02   1.6250000000000000e+02 #xyz tv2
           1.6849999999999991e+03  -4.3499999999999989e+02   1.2999999999999997e+02 -1 18 #xyz tv3 fid bid
           1.7174999999999995e+03  -3.7812499999999989e+02   1.6250000000000000e+02 #xyz tv0
           1.6849999999999991e+03  -4.3499999999999989e+02   1.2999999999999997e+02 #xyz tv1
           1.7174999999999993e+03  -3.6999999999999983e+02   1.2999999999999997e+02 #xyz tv2
           1.0000000000000000e+03  -3.6999999999999983e+02   1.2999999999999997e+02 -1 18 #xyz tv3 fid bid
           2.4349999999999986e+03  -4.6634503547172068e+02   2.2025781589333795e+02 #xyz tv0
           1.7174999999999995e+03  -3.7812499999999989e+02   1.6250000000000000e+02 #xyz tv1
           1.7174999999999993e+03  -3.6999999999999983e+02   1.2999999999999997e+02 #xyz tv2
           2.4349999999999986e+03  -3.9777138452345940e+02   2.0108376007810529e+02 -1 18 #xyz tv3 fid bid
           1.0000000000000000e+03  -3.6999999999999983e+02   1.2999999999999997e+02 #xyz tv0
           1.8520409813311933e+03   4.6370673656607678e+01   2.3228186815921165e+02 #xyz tv1
           1.7174999999999993e+03  -3.6999999999999983e+02   1.2999999999999997e+02 #xyz tv2
           1.7174999999999995e+03  -3.7812499999999989e+02   1.6250000000000000e+02 -1 18 #xyz tv3 fid bid
           2.4349999999999986e+03  -3.9777138452345940e+02   2.0108376007810529e+02 #xyz tv0
           2.1177080831084768e+03  -1.8704692649491673e+02   8.3192077094740370e+01 #xyz tv1
           1.7174999999999995e+03  -3.7812499999999989e+02   1.6250000000000000e+02 #xyz tv2
           1.7174999999999993e+03  -3.6999999999999983e+02   1.2999999999999997e+02 -1 18 #xyz tv3 fid bid
           2.1177080831084768e+03  -1.8704692649491673e+02   8.3192077094740370e+01 #xyz tv0
           1.7174999999999993e+03  -3.6999999999999983e+02   1.2999999999999997e+02 #xyz tv1
           1.8520409813311933e+03   4.6370673656607678e+01   2.3228186815921165e+02 #xyz tv2
           1.7174999999999995e+03  -3.7812499999999989e+02   1.6250000000000000e+02 -1 18 #xyz tv3 fid bid
           1.7174999999999993e+03  -3.6999999999999983e+02   1.2999999999999997e+02 #xyz ev0
           1.7174999999999995e+03  -3.7812499999999989e+02   1.6250000000000000e+02 -1 18 #xyz ev1 fid bid
   0   0.000000000000e+00   0.000000000000e+00   0.000000000000e+00 #flag location
END_ERR 
